# Frame list with one line of data per frame:
#   FRAME_ID, RIG_ID, RIG_FROM_WORLD[QW, QX, QY, QZ, TX, TY, TZ], NUM_DATA_IDS, DATA_IDS[] as (SENSOR_TYPE, SENSOR_ID, DATA_ID)
# Number of frames: 383
48 48 0.91455463757164823 -0.028138686793238298 -0.40217505566531953 0.03245387191600748 0.081960928061849278 0.24868070274384255 3.6304681183110832 1 CAMERA 48 48
49 48 0.93065238788405125 -0.01790321982537885 -0.36441275306960591 0.027730002629427611 0.3386680188384612 0.18154228209459852 3.6115769229616088 1 CAMERA 48 49
50 48 0.95636085817171623 -0.014070570007340582 -0.29076960923811329 0.025079121999026375 0.91454065058645384 0.16358431627047784 3.5894698922394328 1 CAMERA 48 50
51 48 0.95815974002225712 0.0042509053016962792 -0.28574633255308407 0.016151651217722052 0.93374200335868429 0.026920668927575112 3.6928249174217274 1 CAMERA 48 51
52 48 0.95632262867403106 0.06141198279092238 -0.28577738853859186 -0.0026234434893138443 0.76817576377129482 -0.39606360110497374 3.8074278634948731 1 CAMERA 48 52
53 48 0.95533532608873828 0.071891726426221242 -0.28658196949366127 -0.0060637578708049511 0.6630301432058936 -0.50475935229901003 3.944100377335217 1 CAMERA 48 53
54 48 0.96309695859547406 0.073825622256337126 -0.2587104495129276 -0.0079327898895389087 0.7913223365926193 -0.56955054115575332 4.0342719673788023 1 CAMERA 48 54
55 48 0.97241172955471067 0.073613272725244233 -0.22128986058317018 -0.0052260794269007229 1.104139828018752 -0.55799023875627618 4.0699156078881034 1 CAMERA 48 55
56 48 0.97235100432122534 0.058187327079152161 -0.226155741543214 -0.001157553423092167 1.0005200127175027 -0.4284803627546856 4.1158484623722353 1 CAMERA 48 56
57 48 0.96780633859949161 0.051513296679877703 -0.24636719481581126 -0.00069032630340202313 0.76255019686810133 -0.38041420265311204 4.1657447183258505 1 CAMERA 48 57
58 48 0.9715384539558104 0.047454446634031616 -0.2320762631376182 -0.0013099877443957866 0.74822563770159067 -0.35641894193818963 4.1211539269919939 1 CAMERA 48 58
59 48 0.98375280528528042 0.044561913366756654 -0.17390764525349289 -0.00088594177021608536 1.0561922896686637 -0.3218712958045285 3.9804147927879794 1 CAMERA 48 59
60 48 0.986529203832197 0.042135684108586272 -0.158063586180439 -0.00078538824275312558 1.0560153686889491 -0.30003720057759309 4.0145428415713402 1 CAMERA 48 60
61 48 0.98777392354121518 0.042538796042301999 -0.14997440466299011 -0.00089707817196825164 1.0151413349051468 -0.31619930490277237 4.0483709394597138 1 CAMERA 48 61
62 48 0.98903466830161513 0.044551874487747077 -0.14078538460662565 -0.0022429574910428534 0.91067829277548706 -0.31778374239555873 3.961860114769078 1 CAMERA 48 62
63 48 0.99092914575960256 0.043267034462266422 -0.12720546197905874 -0.0024823891072360297 0.86177746393829235 -0.29553740812655921 3.945956200655564 1 CAMERA 48 63
64 48 0.99467519934701942 0.040495384407780353 -0.094733150760074894 -0.0026460900782525202 0.94244189130416767 -0.27475508646075358 3.9111570478915496 1 CAMERA 48 64
65 48 0.9967325471510694 0.037789101424532519 -0.071312504186730158 -0.0032771954298459966 0.95273880979904513 -0.2443357099429164 3.7726126933898443 1 CAMERA 48 65
66 48 0.99831339855374357 0.03252330448611164 -0.047956402021118047 -0.003574414436947608 0.95979327426502137 -0.19004539915530552 3.7162897107716688 1 CAMERA 48 66
67 48 0.99939088685174393 0.028959315936727702 -0.019038595209006089 -0.0040920887856158786 1.0292695039615947 -0.17036163639201418 3.6832281744013371 1 CAMERA 48 67
68 48 0.99956375746252113 0.027730382167599231 -0.0087491611282202904 -0.0051742489114474342 0.94172927786205463 -0.15496263979951613 3.7063333820844404 1 CAMERA 48 68
69 48 0.99962289040595553 0.026393774274272794 -0.0051175801229236088 -0.0055907092293580509 0.84869529945870892 -0.14054778868546675 3.9152617143494304 1 CAMERA 48 69
70 48 0.99960452780641273 0.027350850781012404 -0.0017204444885680482 -0.0063054754963629929 0.84636714769096388 -0.14999305852396727 4.0770900090832818 1 CAMERA 48 70
71 48 0.99954497219963656 0.029219867213757512 -0.00091776259714454131 -0.0074300486037023614 0.67563200917134059 -0.15700570600777702 4.1959413347064274 1 CAMERA 48 71
72 48 0.99952188372312067 0.029688594080939962 0.0021901978229299595 -0.0083543026985106045 0.45717150424228425 -0.16292774108200711 4.2377433893737813 1 CAMERA 48 72
73 48 0.99949492662642681 0.028239368187432411 0.010764654253472084 -0.009826085243442452 0.33527124557276478 -0.14338680297946832 4.211286512318134 1 CAMERA 48 73
74 48 0.99768868810565436 0.025191834271026503 0.062096365378676036 -0.011255865974572576 0.54093512280953737 -0.11476543442193538 4.2261604843449012 1 CAMERA 48 74
75 48 0.99572513331656687 0.023367151164383496 0.088505598971916746 -0.012336696429286026 0.52445809867586735 -0.094189983225067678 4.2609376174152729 1 CAMERA 48 75
76 48 0.99507843586898392 0.021507983851559696 0.095805833204281016 -0.013324992428174228 0.39347810826761753 -0.057420952586319886 4.2800863216630045 1 CAMERA 48 76
77 48 0.99288835747196591 0.018576681843163113 0.1166948245346601 -0.014489113676981453 0.36720313153660983 -0.025977811844487129 4.2828107682396119 1 CAMERA 48 77
78 48 0.99104592003841829 0.010562840273761493 0.13203181724000077 -0.016852596739346627 0.30966171470401688 0.04737344851775091 4.1764411184481771 1 CAMERA 48 78
79 48 0.98945957129286843 0.0051569901045670297 0.14351868271354529 -0.018588973671593421 0.17754066894598064 0.13870390760655707 4.2171201283943782 1 CAMERA 48 79
80 48 0.98793760120206098 0.021378334106004104 0.15250664261107941 -0.01624767434023704 0.10561745764787422 0.021449891657784784 4.1607087408993486 1 CAMERA 48 80
81 48 0.98316081938667388 0.054831504664639374 0.17394497479948767 -0.011465385346385523 0.14145552579130682 -0.26547561383093043 4.0813313924244232 1 CAMERA 48 81
82 48 0.96432227055176178 0.067578647661311456 0.25580638143382128 -0.0088758163510552473 0.83060061581964795 -0.34901016357085463 4.0018240584589888 1 CAMERA 48 82
83 48 0.94828784350229445 0.070320346844355688 0.30949199439718111 -0.0044631927487751542 1.2668236514735296 -0.3235690842680477 3.9165764873026081 1 CAMERA 48 83
84 48 0.95218949315728352 0.059574982659489982 0.2995704794065116 -0.0065968500172196359 1.1517411558736332 -0.20790075527256321 3.9749866917110293 1 CAMERA 48 84
85 48 0.97469554980343009 0.041100032134878166 0.21934794942858865 -0.012878262047900791 0.42388289552001795 -0.035907593594309145 4.1114790078733439 1 CAMERA 48 85
86 48 0.9794172414224408 0.039217285188475538 0.19734319501564593 -0.01611009397611066 0.094576605262419275 -0.0081553037278103164 4.1235692470880583 1 CAMERA 48 86
87 48 0.97884894060895689 0.037561751818349705 0.20031549910660509 -0.017820412080846424 -0.16905842854348499 0.039177134126332072 4.0963079152309723 1 CAMERA 48 87
88 48 0.97825366254934898 0.037019746953254322 0.20312612580904907 -0.019725289810492007 -0.48462760049415843 0.033229366867792938 4.1302683199472643 1 CAMERA 48 88
89 48 0.97710212536687668 0.037540707721608377 0.20846475419535168 -0.020114127511899192 -0.75680808383215648 0.050215008803489426 4.0250602427443241 1 CAMERA 48 89
90 48 0.97388794442570459 0.036842056106628274 0.22301975151716155 -0.021145331336622573 -0.98661538139541738 0.075550160277216449 3.9716990921059767 1 CAMERA 48 90
91 48 0.96238328266892736 0.034498006367775287 0.26859155633017945 -0.022065372513519321 -0.87836994327138918 0.082279475049786333 3.8999004149527687 1 CAMERA 48 91
92 48 0.93322119576677842 0.031164000509868801 0.35716944251014959 -0.02360072415910942 -0.35485043491289786 0.058135282449323568 3.9824666451748745 1 CAMERA 48 92
93 48 0.9045664059256826 0.02844931382999679 0.42467230292371816 -0.024570082270139973 0.039894966808902435 -0.012765804883999768 3.90610200055584 1 CAMERA 48 93
94 48 0.89966614841700088 0.021207823398556019 0.43509904456350468 -0.028980528620780117 -0.067876999409907296 2.3536809260584935e-05 3.8286292229394192 1 CAMERA 48 94
95 48 0.89625700090050464 0.01762150715472046 0.44206165122704999 -0.031533590611333186 -0.22226573074137285 -0.002352121299351132 3.8027517899234526 1 CAMERA 48 95
96 48 0.89302342874902807 0.017124620561232307 0.44847312898526626 -0.032981140885785298 -0.39400317667667234 0.0083014301227805273 3.8049003620502302 1 CAMERA 48 96
97 48 0.88110294458832716 0.014982000462219517 0.47133389167211848 -0.03574217762175496 -0.41805515679359762 0.029005906246022235 4.0079895665571996 1 CAMERA 48 97
98 48 0.86134619000538792 0.015874863518743298 0.5064836727437525 -0.036125045542713244 -0.25645619962742727 0.042742405527502483 4.1750993296299121 1 CAMERA 48 98
99 48 0.85854626390858968 0.019711151444640706 0.51115220128166539 -0.035117095014202696 -0.4231172533598096 0.011391162876192372 4.2662117425051234 1 CAMERA 48 99
100 48 0.85897206658510727 0.021478810674850052 0.51037773333090219 -0.03493163091689977 -0.47093576088320405 0.047407810532494842 4.284713508645468 1 CAMERA 48 100
101 48 0.8603518412805875 0.018930977592923712 0.50795590109613675 -0.037644784952114679 -0.62670664328998527 0.083307883006616942 4.2009514060856752 1 CAMERA 48 101
102 48 0.85879324276421232 0.01506455248136436 0.51039192414093837 -0.041800827895816031 -0.87023041106324917 0.14050893538770737 4.2572042303778561 1 CAMERA 48 102
103 48 0.84982240811970178 0.01247843956136104 0.52503466465735316 -0.044550691486050939 -0.97633959402313186 0.16961508737686165 4.284856417603657 1 CAMERA 48 103
104 48 0.81742343398054218 0.017904623069201566 0.57428321321932174 -0.0411964205568775 -0.62733064281708506 0.12958900240810936 4.4026593144466908 1 CAMERA 48 104
105 48 0.7610966602027559 0.042058666360670807 0.64692375136411462 -0.021274452593518341 0.060312256622275399 -0.18672147938803965 4.5724033257937009 1 CAMERA 48 105
106 48 0.71810707524068973 0.043440459704476533 0.69431168816340716 -0.019142482326123353 0.50233814474865068 -0.22683826745706609 4.69610178768741 1 CAMERA 48 106
107 48 0.6860684038374516 0.043939069003070069 0.72599535104757906 -0.017614020789622969 0.72147565974526384 -0.25546577173889862 4.788186715732162 1 CAMERA 48 107
108 48 0.67974183141243649 0.045915962861815013 0.73185061258102346 -0.015409342858148326 0.61493969346476973 -0.27718117770295009 4.9234330479018498 1 CAMERA 48 108
109 48 0.67860500686486547 0.048676096663641054 0.73275253994957978 -0.014127896834533528 0.40774306183686787 -0.29180615470542542 5.032755312147442 1 CAMERA 48 109
110 48 0.68920787047282084 0.051254639604079007 0.72262869498809101 -0.01316215701106564 0.14950788865714568 -0.30995622087881708 5.1535543795566063 1 CAMERA 48 110
111 48 0.69480832554548622 0.054207049616233155 0.71703725494929738 -0.012671287991254441 -0.17975896980341466 -0.32811157291612325 5.1826867506257468 1 CAMERA 48 111
112 48 0.69043525207092593 0.055283484023827448 0.7211693916797014 -0.01255418640429103 -0.2360697672327739 -0.35375908669690526 5.3093581226253148 1 CAMERA 48 112
113 48 0.677826704622014 0.058097954705899353 0.73283893936099498 -0.011075879942663664 -0.32032413268630455 -0.37798806098378507 5.3555018420145073 1 CAMERA 48 113
114 48 0.61273569950265294 0.054452753235794481 0.78833333666686889 -0.010973172727954434 0.44110184601357216 -0.39365145013247355 5.4486461007527112 1 CAMERA 48 114
115 48 0.57721268963157191 0.052128004493218492 0.81488072147383728 -0.0088086233952894416 0.68440171682870732 -0.32771575801149011 5.45016947220837 1 CAMERA 48 115
116 48 0.54636627412178473 0.048090923965950126 0.8361205576691787 -0.008577329267422577 0.9399029113768117 -0.20372331458199824 5.4730571706880884 1 CAMERA 48 116
117 48 0.54252701697593786 0.050101034873198384 0.83852870207217878 -0.0048926431478718202 0.72889671850421323 -0.25242827874121748 5.4380114152976393 1 CAMERA 48 117
118 48 0.52709602465479499 0.055036674218230407 0.84801238659771094 0.0039670468818294715 0.72860631842890755 -0.3983499084546942 5.5004173298364041 1 CAMERA 48 118
119 48 0.51812452579677848 0.064783441442863604 0.852626103761562 0.019463007657105846 0.50612440934515346 -0.60780899041707082 5.388298179605636 1 CAMERA 48 119
120 48 0.51172984788685516 0.065905543367576258 0.85632021289977966 0.022465865538561794 0.3886394480644092 -0.63814214174841999 5.1988194457729238 1 CAMERA 48 120
121 48 0.49889211593078497 0.064993864163650689 0.86398330294235792 0.020379070636194926 0.31138209937816125 -0.56370875394609765 5.1657566239526158 1 CAMERA 48 121
122 48 0.44903605573271693 0.059768988547482714 0.89133873388791485 0.017594036805241367 0.60308042023884967 -0.45834940532817781 5.0453848438325348 1 CAMERA 48 122
123 48 0.40725572882980471 0.052819441719247948 0.91168030440970005 0.013852814270337768 0.76233571882885309 -0.3786542269257997 5.1231302104714391 1 CAMERA 48 123
124 48 0.39201890666619599 0.049291121352228712 0.91854763032712883 0.012720573591493091 0.70004154587701428 -0.35595278208440867 5.2081801956767988 1 CAMERA 48 124
125 48 0.37007218902577227 0.04650468653174724 0.92776821107915042 0.011403313169863045 0.71377201210660768 -0.3180764573244933 5.2788868566232541 1 CAMERA 48 125
126 48 0.35127108647421018 0.044822538206752686 0.93512544850413093 0.011830445295103447 0.6993143049317484 -0.32906619657301422 5.3891592602249228 1 CAMERA 48 126
127 48 0.32971633721668098 0.043717508383968581 0.94296938358188209 0.013588894742353537 0.73448563290019331 -0.33234912132604699 5.4341353400071979 1 CAMERA 48 127
128 48 0.31017405906653961 0.043078005812450824 0.94956609194027497 0.016142352204146025 0.77871532988195136 -0.36908162433625558 5.3404868696602081 1 CAMERA 48 128
129 48 0.27456729406785901 0.041229278167918361 0.96053797408940489 0.016725668364170172 0.91627383504608584 -0.37705132226050164 5.1595833002028515 1 CAMERA 48 129
130 48 0.22301287739948733 0.036596796239920175 0.97401463842405722 0.014880025357112329 1.1401952103680284 -0.33017025571629061 5.133141639332985 1 CAMERA 48 130
131 48 0.16069713103222191 0.030611767764635676 0.98643677711554922 0.013484676719347905 1.5365796766095428 -0.29594574098763338 4.9965255269941746 1 CAMERA 48 131
132 48 0.081136789396685477 0.022182264366411616 0.99637690558015501 0.012563064136249611 2.0585386724146328 -0.24009661050537814 4.771866230718298 1 CAMERA 48 132
133 48 0.07867325881976292 0.019034372220454281 0.99662337004161161 0.01378656257929963 1.7983686202156635 -0.22718107230014981 4.7376274189405132 1 CAMERA 48 133
134 48 0.10211919238524601 0.021819288115380173 0.9943330455927103 0.019934484067778296 1.3256361187173542 -0.27468336837089619 4.8263668067198919 1 CAMERA 48 134
135 48 0.10220211964990983 0.025166141902802221 0.99415298155523124 0.024108946589134834 1.028012412201323 -0.31300976214615933 4.7559683781864024 1 CAMERA 48 135
136 48 0.096317296827953411 0.026703295671715872 0.99467174960907923 0.025259114427036475 0.79873779945540091 -0.30961045015590111 4.7458994827243499 1 CAMERA 48 136
137 48 0.089082810581407698 0.027475184228454626 0.99527669827621135 0.027086176897690245 0.56130526748250653 -0.23900734234365373 4.6827550986079292 1 CAMERA 48 137
138 48 0.080188924017698698 0.027765815702848147 0.99593927020884521 0.030062701128009035 0.38028660739383963 -0.19542281547517001 4.6830589742952995 1 CAMERA 48 138
139 48 0.058535719779676108 0.026253340571706949 0.9974121628847209 0.032454721510502396 0.33095929625547016 -0.21593852253735021 4.5367017234467379 1 CAMERA 48 139
140 48 0.011490383917635651 0.022718786756979834 0.999165095684167 0.031952141902631771 0.51722074424583586 -0.24617667619779043 4.3984064335081197 1 CAMERA 48 140
141 48 -0.081494289246717783 0.013349212734756267 0.99619871372145685 0.027723674346119241 1.0857275536481481 -0.26005166466376306 4.1950190735940733 1 CAMERA 48 141
142 48 -0.099592402785381756 0.0075260178470116512 0.99473554830415889 0.022932538080752161 0.98679305123067962 -0.30437804605077406 4.2170128424530597 1 CAMERA 48 142
143 48 -0.11059258381704713 0.0053793544445382441 0.99360455529717417 0.022143410828827322 0.86694521119065904 -0.37639445413953054 4.1439445405831039 1 CAMERA 48 143
144 48 -0.17347029013627321 0.0013648105154808162 0.98465962550310315 0.01875147024589555 1.1165418399274387 -0.36350130530716029 4.0074238237005044 1 CAMERA 48 144
145 48 -0.24803092790336626 -0.0059877177597829649 0.96860398753437416 0.015846809519088827 1.4421497385998008 -0.35501281516979749 3.7664246652524223 1 CAMERA 48 145
146 48 -0.29790584886031668 -0.014015767030418531 0.95431419723031563 0.018441161948795019 1.5657389070863719 -0.40176825926687981 3.7184328087352934 1 CAMERA 48 146
147 48 -0.33126851793210838 -0.024563324877261726 0.9424487845362105 0.038053917331307995 1.5992685030309692 -0.56856296954905539 3.6051922808096122 1 CAMERA 48 147
148 48 -0.40396816466039798 -0.034008774865720126 0.91325287162991597 0.0402780043293458 1.9258102241575203 -0.55823752242356772 3.530189563991212 1 CAMERA 48 148
149 48 -0.42979301687907673 -0.040003027378288529 0.90121180012533764 0.038665381899084729 1.8679276620561009 -0.55830613538322715 3.5877247377005563 1 CAMERA 48 149
150 48 -0.44501656762897607 -0.04079397476592251 0.89386776193397643 0.036007364991985813 1.7663564589095913 -0.55156138404152621 3.6909140904880551 1 CAMERA 48 150
151 48 -0.46921346375672413 -0.040588022207145427 0.88159315966377361 0.031382140092317698 1.6962332418203694 -0.52402780103705571 3.7333773904432892 1 CAMERA 48 151
152 48 -0.47716098439371019 -0.036586856308370767 0.87771131842465544 0.024528318881431598 1.5277723739418696 -0.47759279237330782 3.8642078827251463 1 CAMERA 48 152
153 48 -0.48193876008404035 -0.034416317238277469 0.87520594155045128 0.023772011088674175 1.3254555608348617 -0.49138301171942578 3.9355940512523553 1 CAMERA 48 153
154 48 -0.48751982427742668 -0.03305808804014751 0.87217150305826863 0.023419073523895599 1.1113050771030266 -0.48324977333294683 4.0403676084235611 1 CAMERA 48 154
155 48 0.49403750611637337 0.031661361855191417 -0.86853204728353839 -0.024012154365124296 0.88689049752277782 -0.52907260559425873 4.1534826436081147 1 CAMERA 48 155
156 48 0.50130213060083317 0.031511616414472976 -0.86437673522323755 -0.023580744068616905 0.7587094706558799 -0.5355952395603204 4.3134360640352511 1 CAMERA 48 156
157 48 0.50879078391636134 0.031708653945078297 -0.85994496992039116 -0.024922844448082192 0.63714675632577522 -0.57036242115769764 4.4575592499383294 1 CAMERA 48 157
158 48 0.54840880010447224 0.034726787791961276 -0.83510293046634487 -0.025395544966552917 0.84815194318176723 -0.59775737369181536 4.5152454193779912 1 CAMERA 48 158
159 48 0.59457588674554185 0.048716402649541156 -0.80185612570612042 -0.033659778389213767 1.2962705801419609 -0.73310443168346495 4.5881073721601098 1 CAMERA 48 159
160 48 0.60186846123533033 0.053840997141299023 -0.79596852759692582 -0.035911077291392479 1.2887160973076046 -0.75916672735929991 4.7148870426974954 1 CAMERA 48 160
161 48 0.63485527323301894 0.053764967405016725 -0.77012671217248518 -0.031192267095623227 1.4758851471408458 -0.68758169172642081 4.7068879661008429 1 CAMERA 48 161
162 48 0.65120264149726637 0.04296584523309193 -0.75752748443053353 -0.015529526159429862 1.4137922084906656 -0.49883317697148882 4.7870737839652495 1 CAMERA 48 162
163 48 0.68681545187240234 0.045443129476912765 -0.72528311852160121 -0.013559315625557978 1.7229004998587862 -0.50998805962218829 4.7734553292080966 1 CAMERA 48 163
164 48 0.71952307727393139 0.050931685292916896 -0.69244997483400672 -0.014336563600073158 2.1220523539323848 -0.46838623460587281 4.6925356654874451 1 CAMERA 48 164
165 48 0.75250819650705048 0.057550732260402998 -0.65585150759317135 -0.01667715184802717 2.2220985761321956 -0.36900205100165157 4.5340686222321764 1 CAMERA 48 165
166 48 0.75648970119249304 0.059546466387757235 -0.65108633485255696 -0.016252227499277579 2.0475632995317676 -0.39378043273784169 4.4308462410867149 1 CAMERA 48 166
167 48 0.76144776177099149 0.058494419745249708 -0.64540784444300558 -0.014980763800526322 1.9102319553725986 -0.40670260604548253 4.4186350550061793 1 CAMERA 48 167
168 48 0.76501051884483928 0.058268196105176327 -0.64119221491978051 -0.01537097608041323 1.8334837538697191 -0.39540736046656533 4.3053230840986396 1 CAMERA 48 168
169 48 0.76604389066458667 0.05480276444976357 -0.64028145469142761 -0.014597032655845254 1.6073138144920982 -0.39266616192108067 4.3369738467795669 1 CAMERA 48 169
170 48 0.76707359121996654 0.052802849886820852 -0.63922560776793413 -0.014162876489219404 1.4523684690052687 -0.40831995432813778 4.4336719671027947 1 CAMERA 48 170
171 48 0.77128339751334674 0.053745431051156263 -0.6339995430035571 -0.016671197697672974 1.2113346358617061 -0.42953870000661365 4.4255816397807237 1 CAMERA 48 171
172 48 0.77834367920803194 0.054401889590918191 -0.62522289729244418 -0.017829193674522983 1.0416086528279995 -0.46144685028035709 4.5099230518810458 1 CAMERA 48 172
173 48 0.79518889309584662 0.057173674752505205 -0.60336846530104526 -0.018769397767602242 0.96651654758236438 -0.48477279323809774 4.4921268326588191 1 CAMERA 48 173
174 48 0.80618578830742371 0.059947231679713948 -0.58829713732153033 -0.019423757730398016 0.83950391799070501 -0.51309396403417995 4.5055146968415301 1 CAMERA 48 174
175 48 0.83265785757721689 0.0640899211882483 -0.54971461622665163 -0.019677777409772237 0.89453550719428465 -0.54554973528036954 4.4085753804827847 1 CAMERA 48 175
176 48 0.8632426074886016 0.070143719603579929 -0.49955191086288392 -0.018437667143531681 1.107205917707716 -0.54299014170743487 4.3781934599152423 1 CAMERA 48 176
177 48 0.88068684312427703 0.07478520877565023 -0.46747176285343345 -0.016370944715589406 1.1326482900883821 -0.59305530709660925 4.3518264373518543 1 CAMERA 48 177
178 48 0.90180700886041909 0.08612496421249298 -0.42308480404169901 -0.018051534522524663 1.2509178899449978 -0.66570538418434078 4.3381619415042421 1 CAMERA 48 178
179 48 0.9212783340717533 0.091589174746772889 -0.37765555812172724 -0.015294889961900253 1.4102856815165392 -0.67685547975008731 4.2314223302743068 1 CAMERA 48 179
180 48 0.92275105968624838 0.092837335101771043 -0.3737995641014164 -0.01362339666522977 1.2056484166898578 -0.65568643411173622 4.1438011876946668 1 CAMERA 48 180
181 48 0.92403058875061383 0.094180271007119495 -0.37026724744012535 -0.014131987805423433 0.98529226487454902 -0.6560670662436453 4.0178263065355608 1 CAMERA 48 181
182 48 0.93264156245468488 0.09369446784095721 -0.34812388758797752 -0.014519695889284224 0.94305270757655235 -0.61574715651110523 3.9280752818642828 1 CAMERA 48 182
183 48 0.94783061104984012 0.090405067117020829 -0.30543527218332189 -0.012383501231630263 1.0129537364333479 -0.63007997579776509 3.8842353054425436 1 CAMERA 48 183
184 48 0.96660887784941896 0.069305975361823771 -0.24667837109802879 -0.0037067875926210031 1.3236539211899976 -0.47171399706918749 3.7944934285437109 1 CAMERA 48 184
185 48 0.9737620336578231 0.053565333757743194 -0.2211679778093037 0.0017269677893688383 1.3835754025988642 -0.35312105082664363 3.7915197913607313 1 CAMERA 48 185
186 48 0.97427713220186873 0.052964577857143688 -0.21903039925122933 0.0021230555254372597 1.3039797655767753 -0.3807996790643669 3.8485860162223426 1 CAMERA 48 186
187 48 0.97352105734848315 0.055430023551608046 -0.22177440624981948 0.00061328680054246066 1.1538861421281581 -0.41882462755474797 3.8601310360911212 1 CAMERA 48 187
188 48 0.97432474390512125 0.059345748830115043 -0.21717831637165053 -0.00171883913962684 0.97531656742492345 -0.4830395299812037 3.9928158419587509 1 CAMERA 48 188
189 48 0.97733815113048539 0.064148111092583476 -0.20167982809184143 -0.0045172036641534536 0.89437694675714541 -0.55129678377960989 4.0349550663011229 1 CAMERA 48 189
190 48 0.98455977170137798 0.068569020767301467 -0.16096732908956143 -0.0054648242530521158 1.0344526299280623 -0.56382957717794946 4.1135373952164294 1 CAMERA 48 190
191 48 0.98712336258754174 0.071194166857439095 -0.14311307708671864 -0.006124116761685984 0.91362240507307113 -0.58002602343934473 4.1581381422284078 1 CAMERA 48 191
192 48 0.98908544373622476 0.069535647109562143 -0.12976044244803311 -0.0060832841344828758 0.73075017182388113 -0.54562321930868618 4.2881650333499399 1 CAMERA 48 192
193 48 0.99205881438457355 0.062868085937620014 -0.10880415830703341 -0.0053448767537070535 0.64962009036290802 -0.47068228181637373 4.2890206185200856 1 CAMERA 48 193
194 48 0.99625694055335678 0.054522677310698445 -0.066865878376995078 -0.0053235671322705543 0.74224817245893993 -0.38838283991914335 4.2840509475809734 1 CAMERA 48 194
195 48 0.99857006059383235 0.053154525160656746 0.00019363727433080059 -0.0056914888369540293 1.0462579093786131 -0.34888226883404361 4.0545337491372173 1 CAMERA 48 195
196 48 0.99568995235527757 0.05112507324348807 0.077108903459362416 -0.006477860131860567 1.363374634750226 -0.30158339585692889 3.7220104686189468 1 CAMERA 48 196
197 48 0.98851929382420767 0.050357923952324912 0.14225902679597 -0.0074869571633001744 1.5276874582734661 -0.28297838018964511 3.4030672936432218 1 CAMERA 48 197
198 48 0.97503555152462484 0.046746191892553426 0.2168862604603459 -0.0089898181373448491 1.7241806966740438 -0.24100536120688498 3.078595396895432 1 CAMERA 48 198
199 48 0.95595966201860894 0.045166024737194575 0.28984207381202132 -0.0096294886184588434 1.9286370960822046 -0.22902853153179939 2.6296536275778677 1 CAMERA 48 199
200 48 0.95237725996483902 0.04492786829408596 0.30140067663354664 -0.010801549761728084 1.7296465326264461 -0.22195988872986219 2.410864794279338 1 CAMERA 48 200
201 48 0.94917170109883331 0.044993050696155119 0.3112925197642108 -0.012069563415833481 1.5208992868958033 -0.19224691090049437 2.2093676159610922 1 CAMERA 48 201
202 48 0.94762493488110278 0.042831835081425566 0.31616908370241525 -0.014475054608482071 1.2780448123444303 -0.19068865044235764 2.2322166638507519 1 CAMERA 48 202
203 48 0.95231516998189436 0.043600993181726992 0.30160438045251531 -0.015151505132403469 1.0123830522657256 -0.22526136642471939 2.3096273401700507 1 CAMERA 48 203
204 48 0.95308892566302772 0.054761302121605827 0.29741394425442946 -0.012947792532514983 0.83549584219523865 -0.30983326269739464 2.3910305032203643 1 CAMERA 48 204
205 48 0.94947052390638209 0.10407895014424273 0.29607149362615576 0.0038687248273584622 0.69733754118815472 -0.58529077484352532 2.3960381208149615 1 CAMERA 48 205
206 48 0.97505581678389774 0.11457291454262659 0.18988920623172661 0.0090161391836616877 0.075187561708237843 -0.63996236772514814 2.4745370793497385 1 CAMERA 48 206
207 48 0.98443708995480828 0.12358886700435889 0.12493033936755224 0.0013483988267763741 -0.39807587494991253 -0.66319959436180675 2.4566887536296784 1 CAMERA 48 207
208 48 0.9859781586429518 0.12623173532187906 0.10900985119538327 -0.0054288137784952954 -0.66533112260590999 -0.63398361938226144 2.4119194742161958 1 CAMERA 48 208
209 48 0.98933380779125424 0.12775029603998522 0.069312528136884405 -0.0097083503350258605 -1.0768665222170721 -0.59020923935555725 2.354882039207451 1 CAMERA 48 209
210 48 0.99140083771718801 0.11141394935690148 0.067229204640374615 -0.013839974919714415 -1.2658377101274723 -0.44420686803004505 2.3198908320771743 1 CAMERA 48 210
211 48 0.99555704423150149 0.057305028612195927 0.072283257043227883 -0.018905981276155937 -1.3424314410384266 -0.13014927980903315 2.3380808156304296 1 CAMERA 48 211
212 48 0.99327883570980535 -0.0039768940238534686 0.11277469958305895 -0.025752785846338611 -1.2767993279787258 0.18655717905534464 2.4610298896326026 1 CAMERA 48 212
213 48 0.97830837224234635 -0.044051328180721473 0.19949523949192208 -0.034261621475141009 -0.89181075676804467 0.37093553503819676 2.5398344027266817 1 CAMERA 48 213
214 48 0.94911447543945049 -0.052354451449328571 0.30753685928750957 -0.043148628069861576 -0.3771268935405071 0.41933338690511163 2.6829820495351924 1 CAMERA 48 214
215 48 0.91355956015407147 -0.051168917777704263 0.39975025660089325 -0.054684588798657625 0.062372618306401666 0.41057774537383529 2.7583314007614814 1 CAMERA 48 215
216 48 0.88704893129828566 -0.044522164578636524 0.45515106927615662 -0.063241398471043694 0.20451997687987716 0.37115044080051246 2.7269092759870524 1 CAMERA 48 216
217 48 0.86542177418804145 -0.017107381942270079 0.49758993560854814 -0.056184928810000409 0.29296555266091923 0.20074254978910064 2.7995102270330019 1 CAMERA 48 217
218 48 0.83813605006708192 0.0091287388055725522 0.54340161491652861 -0.046468404447307592 0.38906822153100828 0.028654179686031411 2.7536020229345257 1 CAMERA 48 218
219 48 0.82460049932445079 0.025323463346944731 0.56387075613833249 -0.037980377696484845 0.37375843701553124 -0.013615760362813289 2.7642728418302718 1 CAMERA 48 219
220 48 0.78930754736560627 0.064696102502816169 0.61049709124373275 -0.010065365148760925 0.64984537528896391 -0.2867996425730715 2.6598021078827947 1 CAMERA 48 220
221 48 0.74723719304576031 0.095333496514315288 0.65737832004832619 0.02004609941830466 0.90512446052430473 -0.46559230093153181 2.5596580553890718 1 CAMERA 48 221
222 48 0.74985193590415034 0.095310612117500068 0.65424129576795509 0.024622923271877525 0.78381853812312985 -0.48591817026673423 2.6216632859458908 1 CAMERA 48 222
223 48 0.78939277259254204 0.097966901189050978 0.60548429158212702 0.025501166588293857 0.25379416993350445 -0.46248685038242376 2.7139577785201539 1 CAMERA 48 223
224 48 0.79857374536202252 0.086661644588416228 0.59555825544219354 0.008949689958521018 -0.015551960788346241 -0.33853397978433142 2.8298114577351186 1 CAMERA 48 224
225 48 0.80222033343797983 0.086247970807615468 0.59075027564038884 0.00423508925877335 -0.22649031639196771 -0.34296907617538691 2.9995686115302753 1 CAMERA 48 225
226 48 0.81310531784799667 0.082934705450346008 0.57617425054345639 -0.0021931096322463472 -0.55105258877083296 -0.33744784275619971 3.225250597441069 1 CAMERA 48 226
227 48 0.81235957792627211 0.071072641299247619 0.57866867500002039 -0.012773424909492473 -0.59015816848482794 -0.25455767887275732 3.3965700422672609 1 CAMERA 48 227
228 48 0.80919965851710263 0.068632930976487622 0.58330043421175148 -0.0156855630999829 -0.73013268582698365 -0.21140056700491994 3.42903303280589 1 CAMERA 48 228
229 48 0.78646657678951204 0.069372838356540831 0.61354654948781084 -0.01477716153208746 -0.59995740640512674 -0.24360820462164909 3.5399492692534409 1 CAMERA 48 229
230 48 0.76821503367538058 0.072251509248270243 0.63602118059934676 -0.010121228951776915 -0.52857528223324279 -0.28428334253852139 3.5865135790977773 1 CAMERA 48 230
231 48 0.74393935419674795 0.071772543074381273 0.66433753424028885 -0.0076537531639569749 -0.31935276819215652 -0.33421927285721958 3.7293572737165182 1 CAMERA 48 231
232 48 0.73884380399556604 0.074103696924317397 0.66977781980398299 -0.0040183949698818196 -0.35748433367405597 -0.36705737490386592 3.7914224160287455 1 CAMERA 48 232
233 48 0.72724223680703415 0.073986037710691885 0.68237596598632555 -0.0027993342070949038 -0.3702876183814669 -0.35009580309183935 3.9265075241436853 1 CAMERA 48 233
234 48 0.72529551707924833 0.072351234449008331 0.684609481008562 -0.0046443828048448061 -0.55461657777974671 -0.36405475940133936 4.0381159495958512 1 CAMERA 48 234
235 48 0.7157628924866607 0.071535954205137114 0.69463972095985527 -0.006461196476198001 -0.65474758980252812 -0.36015843133820225 3.9190922575157709 1 CAMERA 48 235
236 48 0.66303420060124107 0.067786825095440859 0.74547330271506518 -0.0077556505624099183 -0.26190929186289291 -0.42408663405704355 4.0152336078912079 1 CAMERA 48 236
237 48 0.59516712718413267 0.063363105958553295 0.8010936500573701 -0.003189257034422154 0.22461008206644123 -0.487155489531232 4.0465505132646982 1 CAMERA 48 237
238 48 0.54435514068428525 0.059420338863745606 0.83674637154249087 0.001487901335984791 0.4748092673165798 -0.49242985816742618 3.9321015811697797 1 CAMERA 48 238
239 48 0.52373516945816556 0.064538113772019554 0.84928136318303493 0.016045880883971006 0.34314700433198347 -0.57229180719819939 3.8705992999152357 1 CAMERA 48 239
240 48 0.51492967793719302 0.068131290252954405 0.85414117317265126 0.025463903063229657 0.18812389302175872 -0.61828500219665461 3.8517397049728577 1 CAMERA 48 240
241 48 0.5094218138266714 0.069388132196142885 0.85728352329144009 0.027196753499083536 -0.025129457618117884 -0.62470862075574829 3.8433680562591435 1 CAMERA 48 241
242 48 0.50275275469528724 0.071447303849422134 0.86095958821611351 0.029724365051070338 -0.20740942711517332 -0.63838352097365869 3.8138570959196825 1 CAMERA 48 242
243 48 0.48334997627178344 0.072005180914829811 0.87187702283092783 0.031914125696417196 -0.24580952558276459 -0.63063908431083948 3.7798288888134635 1 CAMERA 48 243
244 48 0.46378354161629737 0.071808036979361306 0.88237667495342553 0.034056362829163613 -0.31746199774625738 -0.65229302320946858 3.772863836482538 1 CAMERA 48 244
245 48 0.43196931263312183 0.071760858176316347 0.89807356885476408 0.041433767648311352 -0.23163229636380187 -0.71142979015429508 3.7424333987709377 1 CAMERA 48 245
246 48 0.38135591936719759 0.068689932912821064 0.92068581495730584 0.046765222296415943 0.027212123141648066 -0.74780475709696959 3.7789299664627949 1 CAMERA 48 246
247 48 0.32236946250931053 0.062729567028990477 0.94277783532093906 0.057557660562065745 0.27140137519464552 -0.7738969034181058 3.7236833886361862 1 CAMERA 48 247
248 48 0.27130692613099527 0.055201654105450991 0.95892278431352251 0.061744821173718122 0.43849142743825542 -0.77574030284590045 3.6958663757956787 1 CAMERA 48 248
249 48 0.16103298284552581 0.039535849559819765 0.98396774998780367 0.065671622634096399 1.13679871958972 -0.75277827573626499 3.4933054030614556 1 CAMERA 48 249
250 48 0.09844557661783912 0.021492271279436568 0.99270731200648854 0.066172074234413555 1.4561396429092803 -0.6392102445530784 3.2447438226806686 1 CAMERA 48 250
251 48 0.050644532021789111 0.0091677844294060125 0.99800103075590896 0.036674592228043888 1.5496611090051731 -0.39536256494998689 3.1330097744168279 1 CAMERA 48 251
252 48 0.028590592349138515 0.0040758556106524988 0.99936202551718556 0.021012077107095274 1.4478439111064476 -0.27056278210004803 3.0344747420140088 1 CAMERA 48 252
253 48 0.018871748558100029 0.0046126947996429583 0.99967071974337018 -0.01676401624962005 1.3184620836380789 -0.011493353748552494 3.0444476302013963 1 CAMERA 48 253
254 48 -0.030031797984745919 0.0056787229366004671 0.99787393345675923 -0.057562628007660814 1.4655025338088234 0.24724993565480205 2.9465070972204823 1 CAMERA 48 254
255 48 -0.050608597411814199 0.011409907434570009 0.99433650808680107 -0.092755013697862335 1.3802603972430618 0.46131766139789859 2.9091880651861382 1 CAMERA 48 255
256 48 -0.056156504643663958 0.016294283991350585 0.9924929623487605 -0.10741816877789882 1.2257619528199399 0.55098158562692479 3.0501153256577749 1 CAMERA 48 256
257 48 -0.0055502749157342272 0.021460764133363071 0.99450713426690818 -0.10229462323794969 0.75910577833854098 0.51514451618510548 3.0996128154483507 1 CAMERA 48 257
258 48 0.069113930295744461 0.02492897876502391 0.99396370351440566 -0.081473718171780368 0.17924689302640612 0.38360050229273596 3.1211862792048195 1 CAMERA 48 258
259 48 0.084553355268697714 0.024733515632658083 0.99395906479388219 -0.065455029075890195 -0.051490910534800094 0.25881786927054012 3.0381444374738318 1 CAMERA 48 259
260 48 0.085489424283488935 0.025042043578810767 0.99458200065322722 -0.053582631194244598 -0.14692102652751837 0.11441784210355552 2.9006995612734667 1 CAMERA 48 260
261 48 0.086449053362032527 0.025098759935480931 0.99461968887329122 -0.051266830681318966 -0.23739550184932601 0.030995332105120885 2.7859280428737203 1 CAMERA 48 261
262 48 0.13202918104437777 0.030206909129657816 0.99060017992788907 -0.019160415455240384 -0.66648239265638576 -0.20362312062740662 2.6399220536131049 1 CAMERA 48 262
263 48 0.20718118368459792 0.042118080914733853 0.97736217537765901 0.0080748082428692657 -1.0419227943090348 -0.46392150792507164 2.4291729073845096 1 CAMERA 48 263
264 48 0.2312254248956605 0.047917719122523871 0.97167172800464485 0.0096305800647584015 -1.1638823962655986 -0.56883269724269647 2.3422367542831735 1 CAMERA 48 264
265 48 0.23118664953567242 0.048532547478619105 0.97167791884753762 0.0062727135933214936 -1.1581866563556427 -0.64246939415780591 2.3756341850509339 1 CAMERA 48 265
266 48 0.19953902299294382 0.046049409638827907 0.97880724731597735 5.2693984811201519e-05 -0.977734012637971 -0.64262494083579158 2.4551317627132865 1 CAMERA 48 266
267 48 0.097390504034453082 0.035414857885076541 0.99461218393540918 -0.0027351658324265716 -0.39163327570588963 -0.66369979840417903 2.599138816829718 1 CAMERA 48 267
268 48 -0.014346331456842401 0.021411563926069362 0.99966528909453445 -0.0022444338955154635 0.2441777140652146 -0.68225653701187372 2.6072937563179539 1 CAMERA 48 268
269 48 -0.12798961077480803 0.0066539002581700105 0.99174960350131425 -0.0026662895667266566 0.86476845911039169 -0.68481278600710727 2.468004703103277 1 CAMERA 48 269
270 48 -0.21653891516801099 -0.0064132279363111914 0.97624744445239309 -0.0032704625772963904 1.3273975466158294 -0.66789223141792708 2.2667739055847309 1 CAMERA 48 270
271 48 -0.26780244570095485 -0.013932092007899027 0.96335487363737249 -0.0059274216985743308 1.5822967285857747 -0.64505874675280417 2.1208019256293964 1 CAMERA 48 271
272 48 -0.27890922677524738 -0.010606178287762714 0.95997643289149304 -0.023289493225202261 1.6198071696188299 -0.57082845898975632 2.1232315685612533 1 CAMERA 48 272
273 48 -0.28468911326956886 0.0057541457869584606 0.95623725662498027 -0.067300131013100895 1.6242536550034541 -0.3917673355834847 2.1580970342180015 1 CAMERA 48 273
274 48 -0.28684977014891849 0.023770000847240663 0.95115675914766218 -0.11159308201206321 1.6407519244420485 -0.20633106516740815 2.1852184579616143 1 CAMERA 48 274
275 48 -0.26424454383984602 0.038310949989601134 0.95300243488714953 -0.14315533961725088 1.5332578714927843 -0.081492777466163582 2.2649661068589464 1 CAMERA 48 275
276 48 -0.20615259393082547 0.043054620983875101 0.96638048358835948 -0.14749972395586305 1.2979683883393134 -0.05667892517602198 2.366123001342574 1 CAMERA 48 276
277 48 -0.14642111883729841 0.041455622628519762 0.97717995958945036 -0.14819451368952813 1.0612342327743525 -0.03295578182031704 2.4778778439843223 1 CAMERA 48 277
278 48 -0.14216131106851618 0.038926338668241509 0.97548305826779791 -0.16342492106673917 1.0513176697743958 0.066415374228649376 2.4960300113158507 1 CAMERA 48 278
279 48 -0.14099222583767002 0.044462165780566248 0.96700685359462757 -0.20746578794697582 1.0273330709470236 0.31056125297723319 2.4939501299890643 1 CAMERA 48 279
280 48 -0.13246634240408184 0.052003245222671163 0.95782869819081884 -0.24962474945100396 0.96902391515771225 0.53621033720074374 2.4816711302495027 1 CAMERA 48 280
281 48 -0.052238721011969524 0.041347373359966501 0.96379403467223912 -0.25819095544474857 0.54744286552632626 0.63108076355497311 2.5811265011201101 1 CAMERA 48 281
282 48 0.0094784946258415353 0.029249169662039342 0.96529612284057686 -0.25934154978070767 0.19956740061328049 0.66034271691113799 2.6121896520311481 1 CAMERA 48 282
283 48 0.047708525706995804 0.021228931882187475 0.96579159259698222 -0.25400753668934956 -0.0015194676804264299 0.63247082689038037 2.6145119712518174 1 CAMERA 48 283
284 48 0.058926890906310495 0.012878602924305598 0.97294237255287774 -0.22303565366553185 -0.067042907101303062 0.46189807255648951 2.6473170337632221 1 CAMERA 48 284
285 48 0.062504614078134055 0.01119919718766498 0.97967771944918525 -0.1902611815797923 -0.075346122684045946 0.26964214948260223 2.6674036468800018 1 CAMERA 48 285
286 48 0.063668275891149984 0.012600696469587985 0.98542135427295796 -0.15726515073715297 -0.084830013781752645 0.052812064622870275 2.6813213090282018 1 CAMERA 48 286
287 48 0.063715849366453442 0.016320198200429632 0.99165851850699871 -0.11084820405723644 -0.090791081031592918 -0.22555766612252953 2.6702865757678147 1 CAMERA 48 287
288 48 0.067920601074781914 0.020616384233779494 0.9954220624826674 -0.064005266763903057 -0.14037081536410473 -0.49460633929325148 2.6264903280267102 1 CAMERA 48 288
289 48 0.10576813349587676 0.026898921629516764 0.99351808317698376 -0.031802018053884697 -0.38226826558926241 -0.65045037033593445 2.5718363398969681 1 CAMERA 48 289
290 48 0.15455236629223296 0.033593576121101247 0.98717232390940823 -0.021813771433790617 -0.68645384839148393 -0.65816539358876647 2.5069930793381978 1 CAMERA 48 290
291 48 0.17418292622903098 0.042002206300376342 0.98379444867408683 0.0066787449601097204 -0.90350046597968536 -0.60979051771581361 2.4644584798657565 1 CAMERA 48 291
292 48 0.1687533595459923 0.05503514413087969 0.98071328675824876 0.081822281368018612 -1.0298228429974783 -0.75406332185432035 2.4490374525112215 1 CAMERA 48 292
293 48 0.15951703025477484 0.059275768933727165 0.97856730738855868 0.11596001546360195 -1.195464490918059 -0.85422028859562205 2.4181063764141828 1 CAMERA 48 293
294 48 0.12394125708953002 0.057571320992635663 0.98359394881809137 0.11775844614575996 -1.3481147397289213 -0.84697266623100287 2.5011436867042298 1 CAMERA 48 294
295 48 0.051031469173937687 0.046385209619123832 0.99082898312137502 0.11619865614197708 -1.2387243386896376 -0.86405705630600715 2.6200397742878607 1 CAMERA 48 295
296 48 -0.047274566335322191 0.026101028496188675 0.99186265139937346 0.1152923781013017 -0.92008830209559367 -0.94395748305072746 2.7672821954285216 1 CAMERA 48 296
297 48 -0.19682405907466358 -0.027423949892455921 0.97420160940962686 0.1069553222862818 -0.16492735143245535 -0.9883973260923935 2.8257794050920673 1 CAMERA 48 297
298 48 -0.33917284747106091 -0.067264445829314692 0.93323076828055163 0.097558223641777103 0.61019405001887295 -0.95265322541849962 2.7699918806673081 1 CAMERA 48 298
299 48 -0.43851348729172263 -0.094036029212160158 0.88960206606057324 0.086436744119740755 1.1212463182928449 -0.83207143081659762 2.5475415973377347 1 CAMERA 48 299
300 48 0.51815078510346169 0.091808980118670933 -0.84954097589722766 -0.03702708924317219 1.47639436872485 -0.48973906256325889 2.4642117562981145 1 CAMERA 48 300
301 48 0.54624519972597285 0.051642810561995801 -0.83601168527436132 0.0058020667276740658 1.5880798170791581 -0.21922871983538295 2.442128787774732 1 CAMERA 48 301
302 48 0.55250368218577384 0.035960863814977005 -0.83239262354355803 0.023854092208982682 1.577461986110861 -0.10523478395396602 2.4337196658397651 1 CAMERA 48 302
303 48 0.55079193984855412 0.022379400255664789 -0.83349214150162898 0.037659679991898232 1.3966282358576914 -0.011277429997610989 2.3917626162861989 1 CAMERA 48 303
304 48 0.5485426993773328 0.002474376778213419 -0.83383327679232444 0.061780667956600331 1.1623431537660349 0.14612710207661919 2.395001076781881 1 CAMERA 48 304
305 48 0.55611956491255399 -0.007726673385623971 -0.82775065891264155 0.074163162753156889 0.97474286159398982 0.22654139754266375 2.3098844818372251 1 CAMERA 48 305
306 48 0.61372061764401953 -0.0062638764913388817 -0.78637470496151896 0.070161176776253248 1.1217575232643766 0.29378846890184951 1.9892315109135958 1 CAMERA 48 306
307 48 0.69867995717590392 0.009511323281974883 -0.71339933318520965 0.053077712657963919 1.4073828894535771 0.29228183200482666 1.6401693145055143 1 CAMERA 48 307
308 48 0.69761748463893991 0.0348084142680299 -0.71522040879391402 0.024041344946782828 1.4238494115356941 0.15336329183299463 1.7430521062887752 1 CAMERA 48 308
309 48 0.69455337640386683 0.056529499622836432 -0.71721160950247809 -0.0027441197578212512 1.2779355592707786 -0.017772276625317902 1.893743913669627 1 CAMERA 48 309
310 48 0.69527215048436641 0.059053826690551682 -0.71628018556249184 -0.0072095828318321795 1.220829619679799 -0.047135451660708642 2.0729394413223274 1 CAMERA 48 310
311 48 0.69443003984813989 0.060969772885051683 -0.71689963663619449 -0.010223382109086174 1.1484243470679973 0.048706675369349924 2.3093696473536531 1 CAMERA 48 311
312 48 0.68961522458500291 0.061372003388908532 -0.72146923882122582 -0.012101927752598987 1.131110616308691 -0.024041748535398151 2.5736311992907375 1 CAMERA 48 312
313 48 0.67555128125841224 0.061466959169999023 -0.73457922078422 -0.015673152604357539 0.97350417129441547 -0.1421993089472075 2.7925518785933261 1 CAMERA 48 313
314 48 0.67488352764963466 0.062840930423468791 -0.73499769075008048 -0.01901673375600629 0.98905551913243728 -0.28525777243216638 2.9629583443268768 1 CAMERA 48 314
315 48 0.67667338381421505 0.062348296314710394 -0.73334506766543772 -0.020756524633177547 0.8996350200437393 -0.41543504980073054 3.0277689609033325 1 CAMERA 48 315
316 48 0.67975522937794497 0.061653760297519344 -0.73053367861299412 -0.021264674619659418 0.82337923594642226 -0.50251950115022781 3.1090278705761305 1 CAMERA 48 316
317 48 0.68444417772469412 0.06421491670658773 -0.7257915821973937 -0.025282232151009273 0.66425722524045983 -0.52929122670866746 3.1787956828344432 1 CAMERA 48 317
318 48 0.70989406297748692 0.091778321793988912 -0.69648413767922457 -0.050368690267089421 0.65580134212463626 -0.70776243884906964 3.2363301214173394 1 CAMERA 48 318
319 48 0.72398373428233176 0.12863666775341745 -0.67319708253608124 -0.078139927494308092 0.62940949524054923 -0.94246873307718904 3.116368542273372 1 CAMERA 48 319
320 48 0.74068642019839059 0.16113284759546817 -0.64511668618829876 -0.096147249367295531 0.68391309132194034 -1.2401131754889752 3.0898415975536699 1 CAMERA 48 320
321 48 0.7594232534910319 0.18467630407059824 -0.61514909346641578 -0.10374284350916371 0.70544169852280303 -1.3796384545251248 3.0709031359754304 1 CAMERA 48 321
322 48 0.77915500860491382 0.19185173450266915 -0.58866009216182469 -0.097926913717456876 0.63716183614147925 -1.4113645200971083 3.1313754750281042 1 CAMERA 48 322
323 48 0.80488526460814203 0.19796614181215866 -0.55211113421970348 -0.090235320043329806 0.68808812007882436 -1.4380565725661925 3.1425525517657831 1 CAMERA 48 323
324 48 0.8252711893344663 0.19281443365605855 -0.52564267827605826 -0.073822984247057646 0.68271930785149737 -1.3806012469618194 3.1701457946097773 1 CAMERA 48 324
325 48 0.85757203013516081 0.17140278271022205 -0.48213348203886786 -0.052331679756415186 0.80268032628670194 -1.1733127725679124 3.1539118580331764 1 CAMERA 48 325
326 48 0.88454746415965479 0.15689445154626813 -0.43787243857816105 -0.035037726186708612 0.93990412606928431 -0.9775590569824294 3.0516062191822138 1 CAMERA 48 326
327 48 0.90453101836081695 0.14463143829593486 -0.40046589623664242 -0.023074874451994035 0.95021300865605096 -0.84799721280507978 3.0261722507910735 1 CAMERA 48 327
328 48 0.91442445433825281 0.13257609772186382 -0.38215720003774017 -0.014400350007764537 0.88337224920755908 -0.74906370226699726 2.9734761547783437 1 CAMERA 48 328
329 48 0.92878789778612048 0.12286417067043262 -0.34951182230458361 -0.0099459821453186641 0.86606174928456381 -0.66973851833925135 2.9254901452928395 1 CAMERA 48 329
330 48 0.93170371191212142 0.12316843341570993 -0.34156316595074915 -0.0096090522319068911 0.75581626258033463 -0.65336037811896175 2.8953058383870731 1 CAMERA 48 330
331 48 0.9498751835472109 0.12357166038825718 -0.28692241656260609 -0.011946016236224342 0.8986761000769723 -0.62737826716632439 2.728100198465174 1 CAMERA 48 331
332 48 0.97216713779789365 0.12479622866720264 -0.1981202109508757 -0.0080832857845712352 1.1477846377051 -0.61766537966802149 2.5992894969508669 1 CAMERA 48 332
333 48 0.97699857349531083 0.12417068823774001 -0.17334218346216299 -0.0028133615593036766 1.0945062976043622 -0.59880787610265873 2.5308227612414544 1 CAMERA 48 333
334 48 0.97808582585218595 0.1218215866136092 -0.16883723640296636 -0.0012672433860109935 0.97251936895957702 -0.57544058553604316 2.5578324642840462 1 CAMERA 48 334
335 48 0.97903011316665056 0.11991032406592127 -0.16467933510049967 -0.0015060830516395005 0.99492535481788391 -0.5628528051498991 2.5808049490322023 1 CAMERA 48 335
336 48 0.98044683643546204 0.116892723261009 -0.15827425171691584 -0.0030583354573814315 1.0465055342107306 -0.55061682389600897 2.5516456041813416 1 CAMERA 48 336
337 48 0.98223995956496613 0.11140229276107229 -0.1509164962275456 -0.0042897747949522331 1.0631093869137529 -0.51352667568474919 2.5580646771766773 1 CAMERA 48 337
338 48 0.98705623247789498 0.070484804809633816 -0.14404404105076293 -0.0017889816258693757 0.94132638552628323 -0.30105992487051236 2.5898185490479357 1 CAMERA 48 338
339 48 0.98893633717457419 0.059931704345500506 -0.13566507833301794 -0.0028457601579512486 0.74981903410113315 -0.22992069459910672 2.4811937626917158 1 CAMERA 48 339
340 48 0.99544988059999839 0.059572015635346996 -0.074139544633168991 -0.0058342170149381211 0.79060381087483433 -0.16858883744730493 2.3782524896822492 1 CAMERA 48 340
341 48 0.99768433358124486 0.067038969389897951 0.0087763580466366994 -0.0073974758617347544 0.917813102227372 -0.17535069167187431 2.1700665646415449 1 CAMERA 48 341
342 48 0.99137671114444248 0.09692584746170127 0.087989726463897938 -0.0059501874817821637 1.0319858322427833 -0.29970644103352978 2.0455189301132455 1 CAMERA 48 342
343 48 0.97552557907021864 0.15165308482517972 0.15919813868979199 0.0026719057669274339 1.1088293920286254 -0.4890809198012257 1.8667789537998056 1 CAMERA 48 343
344 48 0.96611866565017968 0.16566438433103894 0.19757044208126892 0.011660019826150067 0.98377452820876476 -0.41957850010489134 1.7594343960401102 1 CAMERA 48 344
345 48 0.96512228584872251 0.1633421997910183 0.20411814044986315 0.013931398524836021 0.7289874317738656 -0.25465326043327102 1.8477639499520877 1 CAMERA 48 345
346 48 0.96540707078763377 0.15744584824801125 0.20746302092475724 0.012612988998594952 0.45743187615715758 -0.17820326613442092 1.9977601489655383 1 CAMERA 48 346
347 48 0.9616964211869119 0.15616104688181023 0.22504552364716698 0.010403518608393201 0.25522584126825981 -0.17152037685370497 2.2271204610788011 1 CAMERA 48 347
348 48 0.95299181813130007 0.15589932946809357 0.25966944092193012 0.0085892431267235551 0.063868066390049175 -0.20529491955806156 2.3839886445900578 1 CAMERA 48 348
349 48 0.9477208731084783 0.15670837917041766 0.27776819739511777 0.01060467293938679 -0.20963357262513227 -0.25244916562940101 2.5242539050669426 1 CAMERA 48 349
350 48 0.95545166249135316 0.1597585677271223 0.24782763352014642 0.01306846372348224 -0.6676865961164915 -0.2658264454868231 2.5872825879593404 1 CAMERA 48 350
351 48 0.95693434751875384 0.16437244839916379 0.23910819921019219 0.0092532057461333309 -1.0808256586089566 -0.26494102556399013 2.5900460779375987 1 CAMERA 48 351
352 48 0.95600777193959341 0.16446885836370195 0.24284270894392929 0.0051529925683124105 -1.4080063529663089 -0.25555129972115215 2.6673403611228745 1 CAMERA 48 352
353 48 0.92759306155698462 0.15762866175827583 0.3386579332074226 0.0059263327034652291 -1.1017877953820832 -0.30792130046625277 2.9423395531833076 1 CAMERA 48 353
354 48 0.87819535912314717 0.14310509033206881 0.45596585472636908 0.019722668664986728 -0.66149956908656149 -0.37423281376608042 3.2132013863162512 1 CAMERA 48 354
355 48 0.84402735017697994 0.13899368879674542 0.51737757371247983 0.024880370722457069 -0.46755503150268457 -0.40193011839367437 3.3208143801893248 1 CAMERA 48 355
356 48 0.81072168367994724 0.13382331181154469 0.56907514742021392 0.031227382464810202 -0.38048497875285281 -0.45773761214096526 3.4972121453135641 1 CAMERA 48 356
357 48 0.79299980937885794 0.13099342471670522 0.59378505699569972 0.037567686842521417 -0.47858293601865376 -0.52014673719783289 3.6716683571661815 1 CAMERA 48 357
358 48 0.76965239898155824 0.12945456325605162 0.62398661160168911 0.038953938645020877 -0.54221994302502086 -0.57933173835193663 3.8500369628789355 1 CAMERA 48 358
359 48 0.73207258001283826 0.12750952955568198 0.66794653592903341 0.040724471835003495 -0.44371971376444247 -0.59143052591692746 3.8669504321704578 1 CAMERA 48 359
360 48 0.69413923300686509 0.12225880512753602 0.70806694034822149 0.04318237783328676 -0.34246335196431094 -0.66725914591207514 4.0371272914849108 1 CAMERA 48 360
361 48 0.67365543903173508 0.12073539611678102 0.7275415512758483 0.047902032886056073 -0.54252836552081396 -0.76344789056494533 4.1438016396355968 1 CAMERA 48 361
362 48 0.62783809840734517 0.11755017448010552 0.76781672406452028 0.049585853978469131 -0.33509004379948137 -0.78014449684587317 4.3027983591114189 1 CAMERA 48 362
363 48 0.57301017691218237 0.10893069291224679 0.81049706417707668 0.053739652558114887 -0.021298245286291036 -0.84379591899281992 4.3962287161568323 1 CAMERA 48 363
364 48 0.5016003094447028 0.099030000194144846 0.85734655907486645 0.059557252027043379 0.52965915217242843 -0.9359344048001057 4.5636074003913176 1 CAMERA 48 364
365 48 0.43727533590625867 0.086440600732695633 0.89267530547374008 0.066701590313905823 0.93279772121056992 -0.95916670685465666 4.542314558078119 1 CAMERA 48 365
366 48 0.38714485230359102 0.072916082797197759 0.91657932846307377 0.068442989695977133 1.1881910936620554 -0.97700407562998959 4.7087198759547508 1 CAMERA 48 366
367 48 0.36486368801529928 0.066044545487503936 0.92597873674001385 0.071245956268349425 1.1550931228967434 -1.0539590738602262 4.796811693991704 1 CAMERA 48 367
368 48 0.34803938347063379 0.062810847387301152 0.93238603039662271 0.074697224346680011 1.1007813593615599 -1.1680357693105372 4.9768079358394415 1 CAMERA 48 368
369 48 0.33565131722223063 0.064643292860485257 0.93658819830353435 0.077213889512668457 0.85109131841625085 -1.2220692122118662 4.9484084449824177 1 CAMERA 48 369
370 48 0.32798903113612371 0.066265806751234058 0.93928793943641053 0.0759618663494845 0.62925122794844401 -1.2187475438330422 4.8764139870775658 1 CAMERA 48 370
371 48 0.32109558038577962 0.062265481849395225 0.94332190600781685 0.056253174777621297 0.46656881798013872 -0.98245584753126158 4.6892704442695088 1 CAMERA 48 371
372 48 0.27714030566562031 0.055301323035659281 0.95840786378202569 0.039867045123087468 0.72867014278604747 -0.57012386025289874 4.522388405896649 1 CAMERA 48 372
373 48 0.29427373977075211 0.051204498385996264 0.95389463550928855 0.029429403204548808 0.39890922187326844 -0.38005685435150038 4.3895571608699564 1 CAMERA 48 373
374 48 0.32954219613526453 0.057463394975591491 0.94203357039785385 0.0259355248201678 -0.18364293008327243 -0.31892983346816878 4.2645195340862871 1 CAMERA 48 374
375 48 0.32792786239384419 0.060043980907543849 0.94256098063903659 0.02090060284671966 -0.34175954764133409 -0.23999341050081255 4.0450333360261439 1 CAMERA 48 375
376 48 0.31746265203796659 0.060481909868334183 0.94619800945687949 0.016392987511095598 -0.4455934083768186 -0.19713269127114208 3.7200505949386287 1 CAMERA 48 376
377 48 0.28170652324201839 0.057377545565928334 0.95771305646017169 0.011616949403352171 -0.35830699100304958 -0.15923885409612085 3.495969966715418 1 CAMERA 48 377
378 48 0.22033603145149641 0.050595651742216113 0.97405045355902875 0.01085482337194141 -0.19922275344365042 -0.16094227129023034 3.3569948081920793 1 CAMERA 48 378
379 48 0.16540172821295115 0.041826533713629738 0.98526284882809834 0.01224451309001196 -0.11739147272766468 -0.13194858098413553 3.2388743176080732 1 CAMERA 48 379
380 48 0.14198785810945791 0.036441209150899351 0.98902825509649894 0.018291994037921297 -0.20608548092790502 -0.002723437009567817 3.0968506072308117 1 CAMERA 48 380
381 48 0.11966261220744469 0.033007289819885516 0.99204891196982048 0.020744500908247584 -0.4365630466960011 0.020634446509134395 2.8952804368182301 1 CAMERA 48 381
382 48 0.088399239530754889 0.028834652864774206 0.99543377641408726 0.021580871589010162 -0.57675990086707385 -0.011094253963064524 2.7423967466007699 1 CAMERA 48 382
383 48 0.052589839127188183 0.024102810185633632 0.99808647579709797 0.021834609972720905 -0.67369541052093329 -0.0055542383029584756 2.6812268591295694 1 CAMERA 48 383
384 48 0.01559508896754893 0.018537562404786382 0.99944473763981889 0.022877245993709969 -0.78591866637773 -0.021121793625834637 2.646725791296126 1 CAMERA 48 384
385 48 -0.040474970738486445 0.010297310692502925 0.99889977117945605 0.021330477581414143 -0.73689916562120095 -0.052473222043115497 2.6811102571462273 1 CAMERA 48 385
386 48 -0.11575254570401917 -0.0013047243767903994 0.99307278917661879 0.020151457870597061 -0.55089501870591362 -0.093020011086778542 2.7408889941810486 1 CAMERA 48 386
387 48 -0.21353209359831016 -0.014784026272400341 0.97664068135179083 0.01893296330237916 -0.2665222867070885 -0.0249686054060381 2.7588281848585914 1 CAMERA 48 387
388 48 -0.31246951682070678 -0.04266869439193452 0.94758385171368931 0.051254536854514719 0.11624801529590442 -0.19236495519473856 2.7820192760059839 1 CAMERA 48 388
389 48 -0.39403484646784581 -0.06726630590466473 0.9138387113594163 0.0714884150052503 0.35675207261055947 -0.27084052470508713 2.6676869511481689 1 CAMERA 48 389
390 48 -0.470499617583164 -0.084981210923731718 0.87582346665936761 0.065890506848864702 0.63199672586983147 -0.26683789347064796 2.610715018634405 1 CAMERA 48 390
391 48 0.55165633268308878 0.10286470542777529 -0.82556643912038596 -0.059449117621612091 0.93691737561046906 -0.23203764066917207 2.5225224985764605 1 CAMERA 48 391
392 48 0.60759572867794487 0.11519585903226917 -0.78431280287848126 -0.04909961094586688 1.0889234365275755 -0.21399247857575421 2.4471618837560158 1 CAMERA 48 392
393 48 0.64069479850010969 0.12113229134094684 -0.75716836417917566 -0.039156244146075277 1.1608791279150632 -0.25729721517396231 2.5432961329502564 1 CAMERA 48 393
394 48 0.67126462473034065 0.11819756025409225 -0.73113428684372883 -0.02959383275493942 1.2417414156922755 -0.31928171501811276 2.6524822272695703 1 CAMERA 48 394
395 48 0.68869557298635864 0.11413396894824106 -0.71563956060888023 -0.023062180569973691 1.2816600610222366 -0.32220923295021003 2.7839533460180244 1 CAMERA 48 395
396 48 0.70153115236908614 0.11144086559012412 -0.70347766704110859 -0.023540342109349997 1.1143890555454063 -0.32468296064445334 2.8521326721761273 1 CAMERA 48 396
397 48 0.71890263913223607 0.11064268648978516 -0.68575297281973113 -0.026077799829170002 0.97684387920817428 -0.36877048559513437 2.7935243108084364 1 CAMERA 48 397
398 48 0.7433134729516091 0.11008339020951452 -0.65928009329065906 -0.026767269551770941 0.89011267667652216 -0.41652964655569752 2.796414404478206 1 CAMERA 48 398
399 48 0.76605804484968298 0.10982741228534422 -0.63278217759639244 -0.026071577400565753 0.85203889482264317 -0.43587417117756305 2.7875152147828177 1 CAMERA 48 399
400 48 0.80877714664382405 0.11274929259078977 -0.5766201300036502 -0.02600672531335994 0.96516553673603522 -0.32109442832349616 2.754915744598732 1 CAMERA 48 400
401 48 0.84458627392050101 0.11566965432860433 -0.52236079639793864 -0.020826794258768992 1.1066109095383438 -0.1829735582295281 2.8698051396866271 1 CAMERA 48 401
402 48 0.87429270308855067 0.12135569586548169 -0.46962512258068401 -0.018365964396072239 1.1850755343438029 -0.24835336616611745 2.9227989058252768 1 CAMERA 48 402
403 48 0.90360626866039739 0.1272880915322738 -0.40870775937817572 -0.015856242170727338 1.2852301162011224 -0.31884066911400605 3.0082393296552379 1 CAMERA 48 403
404 48 0.91408693025847543 0.13200208281269657 -0.38319691102640691 -0.013441035807081426 1.1686192963840591 -0.35741725493089038 3.0777961150165876 1 CAMERA 48 404
405 48 0.91702528466368372 0.1304530759905822 -0.37673457393990717 -0.010848181893853883 0.96534572838368282 -0.40468068150468017 3.2564372646750193 1 CAMERA 48 405
406 48 0.92339635306175216 0.12962431531551502 -0.36108338878632695 -0.01246989870938162 0.78599073641127803 -0.48939237966361515 3.3847188135064594 1 CAMERA 48 406
407 48 0.92881060105822466 0.12764915082063738 -0.34762533443869686 -0.013160110676355171 0.6426279140826614 -0.58636601827225365 3.5463257894090341 1 CAMERA 48 407
408 48 0.94170086216516957 0.12588807060121088 -0.31167113531664542 -0.014587093203041562 0.67691234593607263 -0.68488490791145751 3.7007751565412521 1 CAMERA 48 408
409 48 0.94896783681053187 0.12583487190962428 -0.28885038247571537 -0.013823395178517368 0.65682616551195938 -0.73313657731222137 3.8630650678200404 1 CAMERA 48 409
410 48 0.95268965794148397 0.12594793518457828 -0.27629914875822698 -0.013353414153642457 0.55959851796928484 -0.79620708009431407 3.8640070821684374 1 CAMERA 48 410
411 48 0.95579351221457365 0.12300770920318524 -0.26673632076678361 -0.013401517410875708 0.4410762767765396 -0.76349635927197046 3.9270472061056902 1 CAMERA 48 411
412 48 0.9626664152044645 0.093844055072138749 -0.25381762868951074 -0.0065785812632174643 0.46343155271243258 -0.51947377947220441 4.0798393748346617 1 CAMERA 48 412
413 48 0.97900914425241836 0.074761400613605575 -0.18954442057088045 -0.0049740404993008792 0.7709263042225093 -0.36201533492097393 4.209626593022648 1 CAMERA 48 413
414 48 0.98644904040105663 0.071078829010070135 -0.14780510134090086 -0.0044432843705994327 0.99812675630318237 -0.33948117798638006 4.3801894293106605 1 CAMERA 48 414
415 48 0.98716115266854454 0.070797314835632202 -0.14308153225609901 -0.0053173302908286185 0.85486329480003709 -0.3591637599896399 4.5716162011240726 1 CAMERA 48 415
416 48 0.98548689675348455 0.07251512184964759 -0.15337458632270334 -0.0057766513359554204 0.66521632770810268 -0.39315268159120681 4.7780020753164614 1 CAMERA 48 416
417 48 0.98047090352546284 0.075025909827119416 -0.18163781348511954 -0.0074582107050206337 0.20348408387718089 -0.42821145231179325 4.9767403903592715 1 CAMERA 48 417
418 48 0.97808717301509185 0.077412052945687204 -0.19307071132847581 -0.0087496553758674312 0.023709285050372109 -0.48355368172897523 5.1969119950755944 1 CAMERA 48 418
419 48 0.97659598143759041 0.079155316543155163 -0.19973838597311597 -0.0099650424864735111 -0.13604181848631247 -0.5315131266413663 5.445244128838036 1 CAMERA 48 419
420 48 0.97696777850583516 0.08088964050569912 -0.19714986016759137 -0.011079641516385148 -0.15390642607524097 -0.56400569882262019 5.6720947659397538 1 CAMERA 48 420
421 48 0.97744294599119752 0.08276526058438341 -0.19395171880116374 -0.011744349557232352 -0.23992621966592476 -0.60454715954014038 5.9087980758024905 1 CAMERA 48 421
422 48 0.97971065615739583 0.086180230340586056 -0.18054904374387729 -0.011918091846431011 -0.1063786936085569 -0.66720415322584925 6.1313799974711625 1 CAMERA 48 422
423 48 0.98044255191302165 0.089615422224751176 -0.17478551625883454 -0.012308606903061486 -0.060868432427295845 -0.64765658580828578 6.3407320145657682 1 CAMERA 48 423
424 48 0.97750897984084795 0.12053398790029493 -0.17231016069043267 -0.016029991085267752 0.014175454335533954 -1.0638054738080831 6.4531916220931063 1 CAMERA 48 424
425 48 0.9730726009408972 0.15061306127204349 -0.17326679114591198 -0.020592186828506359 -0.083894580845797775 -1.4790612234286278 6.5304886852140367 1 CAMERA 48 425
426 48 0.97286274288073837 0.15253975945202777 -0.17281474193639967 -0.02011890330856814 -0.086570355689066333 -1.5663725809233982 6.629107056747884 1 CAMERA 48 426
427 48 0.97563697610760747 0.14001768801166614 -0.16793805927769193 -0.018009612475401626 0.0021295099315742417 -1.420638012122915 6.6725599598748042 1 CAMERA 48 427
428 48 0.98127846229977189 0.10802083393718048 -0.1588897882557708 -0.013345937589674685 0.10363556967348703 -0.9834989960546231 6.7631214481813986 1 CAMERA 48 428
429 48 0.98380059432036748 0.09009031141481251 -0.15459266315786757 -0.011010672178928064 0.15761536439332946 -0.73875634203581397 6.796808004245773 1 CAMERA 48 429
430 48 0.98448109040281395 0.086895330421236483 -0.15208126213597079 -0.010838537604341242 0.19740112775245455 -0.69699005674552716 6.8003996304811949 1 CAMERA 48 430
